R2
-1.5708 0 
-1.54129 0.245419 
-1.46741 0.369019 
-1.38576 0.310324 
-1.3365 0.0997878 
-1.29935 0.20958 
-1.24792 0.219003 
-1.20668 0.124927 
-1.195 -0.0274749 
-1.21832 -0.167097 
-1.28528 -0.391064 
-1.38363 -0.427946 
-1.46584 -0.256044 
-1.49155 0.0421806 
-1.44807 0.319542 
-1.35685 0.439572 
-1.26252 0.346142 
-1.21044 0.0880336 
-1.22523 -0.211369 
-1.29993 -0.411205 
-1.45405 -0.871757 
-1.66739 -0.902535 
-1.83444 -0.487781 
-1.87342 0.162942 
-1.76556 0.735431 
-1.56315 0.948334 
-1.36601 0.691637 
-1.23243 0.421195 
-1.18775 -0.0484781 
-1.25297 -0.495505 
-1.39735 -0.706922 
-1.55118 -0.572637 
-1.63859 -0.154363 
-1.61621 0.340539 
-1.49514 0.666353 
-1.31145 0.862243 
-1.13079 0.644506 
-1.10076 -0.393593 
-1.29798 -1.25202 
-1.56947 -1.00685 
-1.72221 -0.263628 
-1.68059 0.609864 
-1.5499 0.477069 
-1.47962 0.107439 
-1.50463 -0.315456 
-1.54222 0.00285782 
-1.50343 0.319753 
-1.40749 0.478343 
-1.30168 0.402574 
-1.23738 0.133256 
-1.24529 -0.199147 
-1.33806 -0.573823 
-1.48756 -0.670201 
-1.62049 -0.435347 
-1.67096 0.0155726 
-1.61393 0.458775 
-1.47769 0.674269 
-1.32976 0.55678 
-1.24258 0.169663 
-1.22966 -0.0619733 
-1.26881 -0.264389 
-1.34147 -0.340846 
-1.44619 -0.530662 
-1.56517 -0.45892 
-1.63951 -0.159364 
-1.63231 0.21928 
-1.54713 0.489082 
-1.42627 0.516212 
-1.32948 0.289444 
-1.30406 -0.0776837 
-1.44172 -1.0683 
-1.75439 -1.53234 
-2.08852 -1.25463 
-2.28881 -0.425642 
-2.27147 0.571455 
-2.0434 1.34035 
-1.7015 1.50936 
-1.28238 1.97732 
-0.864826 1.51553 
-0.630996 0.458504 
-0.665074 -0.747203 
-0.955819 -1.70231 
-1.39354 -1.95178 
-1.82213 -1.61343 
-2.07509 -0.497666 
-2.03374 0.843469 
-1.71694 1.79741 
-1.27553 1.8748 
-0.893815 1.31745 
-0.710293 0.229144 
-0.794517 -0.940084 
-1.11571 -1.75449 
-1.54033 -1.78228 
-1.92311 -1.40355 
-2.1346 -0.364151 
-2.07835 0.835094 
-1.77934 1.6595 
-1.37774 1.68095 
-1.06982 0.887452 
-1.00028 -0.305249 
-1.19999 -1.36439 
-1.57825 -1.78439 
-1.95215 -1.32844 
-2.13386 -0.190751 
-2.03346 1.03088 
-1.69602 1.78166 
-1.28202 1.6625 
-0.993031 0.751727 
-0.96129 -0.485579 
-1.20048 -1.51502 
-1.54911 -1.38723 
-1.78512 -0.57609 
-1.79216 0.517495 
-1.56678 1.35754 
-1.22007 1.52825 
-0.91934 0.987397 
-0.890414 -0.744344 
-1.23824 -2.16642 
-1.80753 -2.57002 
-2.32486 -1.75814 
-2.56474 -0.27089 
-2.44321 1.30106 
-2.00066 2.41593 
-1.41682 2.44343 
-0.969253 1.29244 
-0.864997 -0.416705 
-1.18262 -2.24411 
-1.81618 -3.02799 
-2.46405 -2.40213 
-2.86037 -0.977607 
-2.86837 0.908882 
-2.34722 3.52858 
-1.34689 4.81577 
-0.30408 3.97267 
0.428662 2.4208 
0.84505 1.2938 
1.0618 0.657278 
1.17051 0.324494 
1.2232 0.151993 
1.24624 0.0564923 
