R2
-1.5708 0 
-1.56046 0.0859466 
-1.53459 0.129193 
-1.50604 0.10829 
-1.48897 0.0336794 
-1.49185 -0.0576187 
-1.55145 -0.43811 
-1.6764 -0.601077 
-1.80479 -0.4674 
-1.87374 -0.106971 
-1.85002 0.304632 
-1.74501 0.56974 
-1.6097 0.555841 
-1.51083 0.266383 
-1.45604 0.189381 
-1.56817 -1.12205 
-1.92886 -1.87993 
-2.36543 -1.7785 
-2.51696 0.496632 
-2.14952 2.60064 
-1.40689 3.58598 
-0.632941 2.89917 
-0.142831 1.29633 
0.0235041 0.147157 
-0.075234 -1.00528 
-0.434383 -2.08539 
-0.99809 -2.67868 
-1.58026 -2.17307 
-1.91446 -0.609038 
-1.83775 1.24852 
-1.38729 2.49884 
-1.01117 0.640529 
-1.11461 -1.50624 
-1.65029 -2.95442 
-2.3621 -2.99365 
-2.79312 -0.671462 
-2.6599 1.81096 
-1.99756 3.77243 
-1.0558 4.06784 
-0.260309 2.67235 
0.140911 0.810776 
0.181569 -0.454559 
-0.0706754 -1.74552 
-0.613513 -2.90925 
-1.34208 -3.20086 
-1.96831 -2.0106 
-2.19406 0.121064 
-1.91664 2.19964 
-1.26305 3.23865 
-0.543344 2.80928 
-0.204778 0.092 
-0.502097 -2.642 
-1.36375 -4.59794 
-2.45019 -4.47223 
-3.13476 -1.40192 
-3.08866 1.80293 
-2.31681 4.79609 
-1.05567 5.71464 
0.131912 4.42545 
0.881002 2.22861 
1.22217 0.849293 
1.30365 -0.111748 
1.29155 0.00216189 
