R2
-1.5708 0 
-1.67885 -0.898634 
-1.9497 -1.357 
-2.25441 -1.19346 
-2.46232 -0.559396 
-2.49756 0.261066 
-2.34859 0.997603 
-2.06689 1.36668 
-1.56804 2.78959 
-0.889772 2.8689 
-0.334828 1.83916 
-0.0703308 0.44238 
-0.133424 -0.988995 
-0.518204 -2.31276 
-1.15004 -3.00739 
-1.71624 -1.7047 
-2.11588 -1.62846 
-2.41099 -0.852574 
-2.45257 0.501003 
-2.19364 1.68009 
-1.73364 2.16011 
-1.31199 1.34739 
-1.16463 -0.118446 
-1.36217 -1.52832 
-1.8096 -2.1935 
-2.28953 -1.81972 
-2.59245 -0.74183 
-2.48588 1.64671 
-1.87765 3.45816 
-1.23757 1.86763 
-1.08791 -0.617624 
-1.49961 -2.81405 
-2.27542 -3.65593 
-2.90164 -1.67106 
-3.13672 -0.363665 
-3.06819 0.958917 
-2.7001 2.20863 
-2.09169 2.92863 
-1.45003 2.4147 
-1.07292 0.729724 
-1.08454 -0.826968 
-1.42426 -2.00562 
-1.7567 -0.75947 
-1.74449 0.861084 
-1.39366 2.05699 
-0.875637 2.27059 
-0.416863 1.61593 
-0.159639 0.594378 
-0.14804 -0.494134 
-0.383341 -1.52973 
-0.827571 -2.23922 
-1.36313 -2.23864 
-1.77373 -1.17676 
-1.85952 0.462182 
-1.57855 1.8761 
-1.08818 2.2082 
-0.638191 1.57675 
-0.400993 0.442457 
-0.442118 -0.793921 
-0.751736 -1.83398 
-1.23586 -2.22343 
-1.69405 -1.58882 
-1.90573 -0.174111 
-1.76766 1.32453 
-1.60051 0.0658781 
-1.7399 -1.22529 
-2.1178 -1.92671 
-2.5631 -1.82518 
-2.91774 -1.20745 
-3.10681 -0.428092 
-3.1136 0.369045 
-2.7674 2.61876 
-1.83042 5.27747 
-0.843254 2.95386 
-0.563016 -0.581988 
-0.74395 -0.950036 
-0.974733 -0.990717 
-1.16795 -0.625067 
-1.24012 0.0230786 
-1.15817 0.660505 
-0.95959 1.00063 
-0.762414 0.657588 
-0.675132 0.0798254 
-0.727698 -0.524202 
-0.902363 -0.946784 
-1.13412 -0.993891 
-1.24285 0.0868097 
-1.09733 1.12756 
-0.762487 1.68231 
-0.368161 1.66714 
-0.0195271 1.33973 
0.246409 0.984446 
0.295047 -0.556317 
-0.014815 -2.15646 
-0.69099 -3.64031 
-1.59782 -3.9392 
-2.35587 -2.39448 
-2.83239 -1.6573 
-3.09649 -0.622933 
-3.11692 0.445476 
-2.89266 1.49413 
-2.38416 2.83823 
-1.66427 3.1801 
-1.04098 2.01204 
-0.807719 -0.0527835 
-1.06367 -2.09641 
-1.69951 -3.19875 
-2.41524 -2.78901 
-2.90875 -1.41956 
-2.83593 2.04654 
-1.99979 5.02682 
-0.695358 5.85319 
0.556043 5.00174 
1.33033 1.96734 
1.53605 -0.102309 
