SE2 
-0.2 -0.6 0 
-0.167488 -0.597097 0.178103 
-0.136005 -0.58848 0.356206 
-0.106547 -0.574422 0.534309 
-0.0800448 -0.555367 0.712412 
-0.0573378 -0.531919 0.890515 
-0.0391443 -0.504818 1.06862 
-0.0260398 -0.474924 1.24672 
-0.0184388 -0.44318 1.42482 
-0.0165818 -0.410592 1.60293 
-0.0170965 -0.3979 1.61973 
-0.0178244 -0.385218 1.63653 
-0.0191154 -0.368078 1.65543 
-0.0207302 -0.350965 1.67433 
-0.0203211 -0.355132 1.66303 
-0.0199591 -0.359302 1.65173 
-0.0203332 -0.354116 1.63384 
-0.0206143 -0.348923 1.61595 
-0.0208026 -0.343727 1.59806 
-0.0208978 -0.338528 1.58017 
-0.0209001 -0.333328 1.56228 
-0.0208093 -0.328129 1.54439 
-0.0209543 -0.298247 1.60691 
-0.0229663 -0.268431 1.66944 
-0.0268372 -0.2388 1.73196 
-0.032552 -0.209469 1.79448 
-0.0400883 -0.180552 1.85701 
-0.0494167 -0.152162 1.91953 
-0.0605008 -0.124411 1.98205 
-0.0732972 -0.0974066 2.04458 
-0.0877558 -0.0712545 2.1071 
-0.10382 -0.0460568 2.16962 
-0.126521 -0.00950548 2.0835 
-0.145994 0.028863 1.99738 
-0.162095 0.0687642 1.91127 
-0.174704 0.109902 1.82515 
-0.183727 0.151973 1.73903 
-0.189099 0.194663 1.65291 
-0.190779 0.237657 1.56679 
-0.188754 0.280637 1.48067 
-0.18304 0.323283 1.39455 
-0.17368 0.36528 1.30843 
-0.163151 0.396982 1.1919 
-0.149009 0.427245 1.07537 
-0.131444 0.455659 0.958844 
-0.110694 0.481838 0.842316 
-0.0870415 0.505427 0.725787 
-0.0608068 0.526106 0.609259 
-0.0323457 0.543595 0.492731 
-0.0381441 0.540601 0.460502 
-0.0191098 0.548931 0.364576 
0.000634842 0.5554 0.26865 
-0.0348981 0.544018 0.351348 
0.00426349 0.564167 0.599032 
0.0372902 0.593302 0.846716 
0.0341987 0.589707 0.874446 
0.031208 0.586028 0.902176 
0.0283206 0.582267 0.929906 
0.0255385 0.578427 0.957636 
0.0228639 0.574512 0.985366 
0.0202989 0.570524 1.0131 
0.0178455 0.566466 1.04083 
0.0155055 0.562342 1.06856 
0.0132808 0.558155 1.09629 
0.011173 0.553907 1.12402 
0.0268546 0.592335 1.24267 
0.037877 0.632349 1.36133 
0.0440852 0.673387 1.47998 
0.0457942 0.688681 1.43905 
0.0481276 0.703892 1.39812 
0.0510814 0.718995 1.35719 
0.0534898 0.73105 1.39004 
0.0555009 0.743178 1.4229 
0.0571125 0.755366 1.45575 
0.058323 0.767599 1.4886 
0.0591309 0.779866 1.52146 
0.0595354 0.792153 1.55431 
0.0595361 0.804447 1.58717 
0.059133 0.816734 1.62002 
0.0583265 0.829001 1.65287 
0.0571175 0.841235 1.68573 
0.0508844 0.874999 1.82096 
0.0578565 0.83881 1.70128 
0.0604578 0.802047 1.5816 
0.0611219 0.780896 1.62278 
0.0626563 0.75979 1.66396 
0.0650583 0.738765 1.70514 
0.0683238 0.717857 1.74632 
0.0724473 0.697101 1.7875 
0.0774218 0.676533 1.82868 
0.083239 0.656186 1.86986 
0.0905502 0.619989 1.67033 
0.0905417 0.58306 1.4708 
0.0832138 0.546866 1.27127 
0.0688572 0.512843 1.07174 
0.0480416 0.48234 0.872206 
0.021593 0.456568 0.672675 
-0.00943905 0.43655 0.473144 
-0.0438232 0.423079 0.273613 
-0.0801951 0.416692 0.0740816 
-0.0660682 0.417202 -0.00194297 
-0.0519433 0.416637 -0.0779675 
-0.0379021 0.415001 -0.153992 
-0.0240257 0.412303 -0.230017 
0.00944609 0.405431 -0.17497 
0.0432453 0.400411 -0.119923 
0.0772695 0.397259 -0.0648758 
0.111416 0.395983 -0.00982892 
0.14558 0.396587 0.045218 
0.17966 0.399071 0.100265 
0.213551 0.403425 0.155312 
0.247151 0.409638 0.210359 
0.280359 0.41769 0.265406 
0.316252 0.427806 0.283997 
0.351951 0.438587 0.302587 
0.387444 0.45003 0.321178 
0.422717 0.46213 0.339769 
0.45776 0.474885 0.35836 
