R2
-1.5708 0 
-1.49482 0.631874 
-1.3045 0.951953 
-1.09245 0.817233 
-0.9569 0.317735 
-0.956543 -0.314747 
-1.09153 -0.81552 
-1.30343 -0.952419 
-1.4941 -0.634412 
-1.5698 0.0318293 
-1.48737 0.653754 
-1.29427 0.953337 
-1.08432 0.798574 
-0.954502 0.288551 
-1.89513 0.186417 
-1.7003 1.4361 
-1.28966 1.97997 
-0.8626 1.59217 
-0.605145 0.582314 
-0.608427 -0.610159 
-0.871414 -1.6106 
-1.56719 -1.43604 
-1.79464 -0.456238 
-2.08853 -0.443676 
-1.98302 1.32577 
-1.52664 2.47394 
-0.939336 2.42486 
-0.487494 1.39451 
-0.578311 -0.189042 
-0.75418 -1.29987 
-1.59173 -3.57402 
-2.26523 -2.04774 
-2.46964 0.322684 
-2.12542 2.57578 
-1.37157 3.70281 
-0.558149 3.12257 
-0.00242881 1.6557 
0.199837 0.11195 
0.0497231 -1.42529 
-0.993089 -2.74775 
-1.63652 -2.61365 
-2.09577 -1.21492 
-3.04921 -1.29299 
-3.00815 1.64884 
-2.30566 4.34507 
-1.13663 5.39787 
-0.000574931 4.26203 
0.721184 2.75383 
1.27742 2.25696 
1.41001 0.68639 
1.48965 0.0355884 
1.49693 0.0304281 
1.51256 0.111338 
1.54212 0.156734 
1.57202 0.114397 
1.58471 0.000637901 
