R2
-1.5708 0 
-1.44416 1.0532 
-1.12656 1.59312 
-0.766733 1.42573 
-0.509795 0.751357 
-0.436191 -0.123729 
-0.564521 -0.969367 
-0.860999 -1.53611 
-1.72377 0.987776 
-1.35112 2.11183 
-0.831024 2.23697 
-0.386497 1.53402 
-0.149746 0.502102 
-0.159219 -0.583974 
-0.413874 -1.60441 
-0.870277 -2.26261 
-1.38751 -2.05884 
-1.81911 1.19371 
-1.37957 2.46263 
-0.778267 2.56697 
-0.269042 1.76709 
0.0139143 0.681197 
-0.313992 -1.00417 
-0.892835 -3.91233 
-1.75469 -3.27046 
-2.27479 -1.07763 
-2.2163 1.56938 
-1.92632 3.2924 
-1.01806 4.26941 
-0.0976827 3.55622 
0.599754 2.57552 
1.14261 2.29944 
1.74171 3.12937 
1.30219 1.10418 
1.47132 0.428541 
1.53265 0.127639 
1.69235 1.32052 
1.56147 0.0186014 
