R2
-1.5708 0 
-1.68749 -0.970556 
-1.9801 -1.46672 
-2.3103 -1.30007 
-2.63005 -1.4052 
-2.8112 -0.143038 
-2.7168 0.951215 
-2.39021 1.82147 
-1.92817 2.05169 
-1.5201 1.34427 
-1.36168 -0.0260741 
-1.5311 -1.38357 
-1.8305 -1.10737 
-1.99888 -0.296937 
-1.95646 0.651149 
-1.72302 1.29371 
-1.41082 1.30288 
-1.17346 0.674955 
-1.27378 -1.51189 
-1.8122 -2.96754 
-2.53014 -3.0538 
-2.74231 1.24404 
-1.983 5.16933 
-0.753561 5.08207 
0.222026 3.31426 
0.791516 1.74381 
1.07179 0.777908 
1.17669 0.169663 
1.15617 -0.355175 
1.00019 -1.0526 
0.636817 -2.20724 
0.0368747 -3.08547 
-0.782828 -3.93445 
-1.66745 -3.44793 
-2.23917 -1.32626 
-2.23463 1.36445 
-1.65577 3.46865 
-0.769551 3.92853 
-0.0788564 1.9769 
0.128109 -0.173364 
-0.158977 -2.32404 
-0.92025 -4.15541 
-1.94331 -4.36674 
-2.60568 -1.21004 
-2.47122 2.3522 
-1.58744 5.04321 
-0.335069 5.4721 
0.861634 5.04897 
1.69506 2.49315 
2.09946 1.16494 
2.27248 0.392005 
2.29216 -0.215377 
2.16672 -0.912152 
1.84135 -2.02641 
1.61814 0.00308149 
