SE2
-0.2 -0.6 0 
-0.190634 -0.6 0 
-0.181269 -0.6 0 
-0.171903 -0.6 0 
-0.162538 -0.6 0 
-0.15319 -0.601129 -0.0482465 
-0.129325 -0.602282 -0.0482465 
-0.105459 -0.603434 -0.0482465 
-0.0815937 -0.604586 -0.0482465 
-0.0577281 -0.605739 -0.0482465 
-0.0338625 -0.606891 -0.0482465 
-0.00999687 -0.608043 -0.0482465 
0.00234285 -0.655944 -0.629429 
-0.0233128 -0.63726 -0.629429 
-0.0489685 -0.618577 -0.629429 
-0.0746242 -0.599893 -0.629429 
-0.10028 -0.58121 -0.629429 
-0.125936 -0.562526 -0.629429 
-0.151591 -0.543843 -0.629429 
-0.177247 -0.525159 -0.629429 
-0.0820216 -0.431458 -1.7932 
-0.0772539 -0.410376 -1.7932 
-0.0724861 -0.389293 -1.7932 
-0.0677184 -0.36821 -1.7932 
-0.0629507 -0.347128 -1.7932 
-0.058183 -0.326045 -1.7932 
-0.0534153 -0.304962 -1.7932 
-0.0486476 -0.28388 -1.7932 
-0.0193717 -0.270979 -2.09279 
0.000936045 -0.235675 -2.09279 
0.0212438 -0.20037 -2.09279 
0.0415515 -0.165065 -2.09279 
0.0618593 -0.12976 -2.09279 
0.082167 -0.094455 -2.09279 
0.102475 -0.0591501 -2.09279 
0.172937 -0.0637997 -2.54519 
0.205392 -0.0417674 -2.54519 
0.237846 -0.0197352 -2.54519 
0.2703 0.00229707 -2.54519 
0.302754 0.0243293 -2.54519 
0.335208 0.0463616 -2.54519 
0.397648 -0.040803 2.74915 
0.37095 -0.0297525 2.74915 
0.344252 -0.0187019 2.74915 
0.317554 -0.00765138 2.74915 
0.290856 0.00339917 2.74915 
0.264158 0.0144497 2.74915 
0.23746 0.0255003 2.74915 
0.210762 0.0365508 2.74915 
0.184064 0.0476014 2.74915 
0.279591 0.16953 1.41538 
0.285155 0.205045 1.41538 
0.29072 0.240561 1.41538 
0.319456 0.268746 0.962093 
0.335877 0.292306 0.962093 
0.352298 0.315866 0.962093 
0.349004 0.348686 1.4714 
0.349466 0.353316 1.4714 
0.349927 0.357946 1.4714 
0.350389 0.362576 1.4714 
0.350851 0.367206 1.4714 
0.351313 0.371836 1.4714 
0.351774 0.376466 1.4714 
0.352236 0.381096 1.4714 
0.352698 0.385726 1.4714 
0.356749 0.389787 1.29767 
0.367831 0.429347 1.29767 
0.378913 0.468907 1.29767 
0.389994 0.508468 1.29767 
0.401076 0.548028 1.29767 
0.412158 0.587588 1.29767 
0.42324 0.627148 1.29767 
0.575927 0.537666 -0.110584 
0.611389 0.533729 -0.110584 
0.647176 0.53523 0.0422114 
0.679587 0.539716 0.232893 
0.688548 0.541842 0.232893 
0.697509 0.543967 0.232893 
0.70647 0.546093 0.232893 
0.716044 0.544539 0.0301313 
0.71301 0.544447 0.0301313 
0.709975 0.544356 0.0301313 
0.706941 0.544264 0.0301313 
0.703904 0.544273 0.0137021 
0.70396 0.544273 0.0137021 
0.704016 0.544274 0.0137021 
0.704072 0.544275 0.0137021 
0.704128 0.544276 0.0137021 
0.704185 0.544276 0.0137021 
0.704241 0.544277 0.0137021 
0.704297 0.544278 0.0137021 
0.704353 0.544278 0.01176 
0.70364 0.54427 0.01176 
0.702926 0.544267 0.00356857 
0.70335 0.544269 0.00356857 
0.703774 0.54427 0.00203503 
0.703927 0.54427 0.00203503 
0.70408 0.54427 0.000302682 
