SE2
-2 -6 0 0 
-2.01617 -5.99825 -0.161308 -0.0930246 
-2.06343 -5.98614 -0.322616 -0.186049 
-2.07591 -5.98207 -0.368118 0.111079 
-1.99205 -6.01705 -0.413619 0.408208 
-1.90725 -6.04186 -0.0893962 0.0986118 
-1.82626 -6.03877 0.124612 0.365274 
-1.65712 -5.99717 0.33862 0.631937 
-1.41661 -5.88044 0.552628 0.8986 
-1.13276 -5.65821 0.766636 1.16526 
-0.856313 -5.30593 1.03596 1.40133 
-0.651474 -4.81692 1.30529 1.63741 
-0.573387 -4.20937 1.57461 1.87348 
-0.671143 -3.52135 1.84394 2.10955 
-0.981114 -2.80852 2.11326 2.34562 
-1.52119 -2.13967 2.38258 2.5817 
-2.07604 -1.40218 2.05181 2.71615 
-2.37583 -0.479932 1.72103 2.8506 
-2.35912 0.536522 1.39025 2.98506 
-1.95949 1.44393 0.914649 2.73443 
-1.25646 2.01321 0.439048 2.48381 
-0.455937 2.18006 -0.0365534 2.23319 
0.248491 1.98538 -0.512155 1.98257 
0.722024 1.54901 -0.987756 1.73195 
1.12955 1.16686 -0.506759 1.49136 
1.58718 1.03857 -0.0257623 1.25078 
1.97076 1.1188 0.455235 1.0102 
2.20969 1.31394 0.936232 0.769612 
2.39451 1.5606 0.919996 0.991673 
2.63089 1.86568 0.90376 1.21373 
2.99173 2.18093 0.546461 1.5388 
3.54563 2.39076 0.189163 1.86387 
4.2511 2.3948 -0.168136 2.18893 
4.9778 2.3609 0.0790837 1.97876 
5.61883 2.4911 0.326303 1.76858 
6.14243 2.74229 0.573522 1.5584 
6.53239 3.06687 0.820742 1.34822 
6.78805 3.41756 1.06796 1.13804 
6.92296 3.75199 1.31518 0.927856 
6.96226 4.03653 1.5624 0.717676 
6.96966 4.25033 1.50683 0.504959 
6.98209 4.38927 1.45127 0.292243 
6.9913 4.45367 1.3957 0.079526 
6.98907 4.44454 1.34013 -0.133191 
6.9615 4.38281 0.997206 -0.254957 
6.88602 4.30278 0.654278 -0.376724 
6.75047 4.23309 0.31135 -0.49849 
6.55738 4.20713 -0.0315776 -0.620257 
6.32527 4.25616 -0.374505 -0.742023 
6.08691 4.4024 -0.717433 -0.86379 
5.88487 4.6532 -1.06036 -0.985556 
5.76483 4.99733 -1.40329 -1.10732 
5.76765 5.40419 -1.74622 -1.22909 
5.92153 5.8263 -2.08914 -1.35086 
6.17237 6.19117 -2.26075 -1.1824 
6.44059 6.46582 -2.43236 -1.01395 
6.70396 6.65625 -2.60397 -0.845502 
6.94301 6.77319 -2.77558 -0.677051 
7.14193 6.83132 -2.94719 -0.5086 
7.28932 6.84823 -3.1188 -0.340149 
7.37865 6.84344 2.99278 -0.171698 
7.40859 6.83715 2.82117 -0.00324646 
7.38292 6.84911 2.64956 0.165205 
7.31034 6.89744 2.47795 0.333656 
7.24368 6.96602 2.18484 0.214784 
7.21836 7.01393 1.89173 0.0959114 
7.21516 7.02628 1.59862 -0.0229608 
7.21074 6.99787 1.30552 -0.141833 
7.18172 6.93395 1.01241 -0.260705 
7.1086 6.84957 0.719299 -0.379577 
7.02379 6.76722 0.826447 -0.296238 
6.96685 6.69875 0.933595 -0.212898 
6.93362 6.64891 1.04074 -0.129558 
6.91929 6.6217 1.14789 -0.0462182 
6.91847 6.62031 1.25504 0.0371216 
6.92667 6.63517 0.905929 0.0603028 
6.94482 6.64953 0.447817 0.0731472 
6.9718 6.65536 -0.0102951 0.0859916 
7.00291 6.64759 -0.468407 0.098836 
7.00942 6.64417 -0.337038 -0.0569649 
7.00175 6.64597 0.0988582 0.0119005 
7.01128 6.64617 -0.032805 0.0425992 
7.02488 6.64573 -0.0310303 0.0351748 
7.03075 6.64545 -0.0814087 -0.00163199 
7.03017 6.6455 -0.0811461 -0.00169767 
7.02956 6.64555 -0.0808835 -0.00176336 
7.02894 6.6456 -0.0806209 -0.00182905 
7.02829 6.64565 -0.0803583 -0.00189474 
7.02761 6.64571 -0.0800957 -0.00196043 
7.02692 6.64576 -0.0798331 -0.00202611 
7.0262 6.64582 -0.0795705 -0.0020918 
7.02546 6.64588 -0.0793079 -0.00215749 
7.02469 6.64594 -0.0790453 -0.00222318 
7.02175 6.64595 0.0423051 -0.0145996 
7.01847 6.64588 -0.00564914 -0.00418384 

