R2
-1.5708 0 
-1.50587 0.539949 
-1.34327 0.812961 
-1.16257 0.693388 
-1.04911 0.254831 
-1.05402 -0.295901 
-1.17513 -0.716099 
-1.44407 -1.52445 
-1.80951 -1.51537 
-2.08415 -0.776462 
-2.13995 0.309196 
-1.95228 1.25992 
-1.60604 1.62287 
-1.26824 1.18801 
-1.10376 0.184812 
-1.18975 -0.9031 
-1.4863 -1.56659 
-1.85017 -1.4606 
-1.97015 0.459843 
-1.65549 2.16138 
-1.05866 2.80881 
-0.611992 0.953056 
-0.643761 -1.2225 
-1.14316 -2.97613 
-1.90803 -3.38944 
-2.58091 -2.26695 
-2.90028 -0.465618 
-2.74789 1.77426 
-2.11521 3.57674 
-1.22063 3.87138 
-0.471641 2.43553 
-0.148385 0.341134 
-0.293742 -1.59431 
-0.859939 -3.21682 
-1.67782 -3.60448 
-2.38306 -2.29341 
-2.6886 -0.300069 
-2.40728 2.69009 
-1.52678 4.66756 
-0.431467 4.52336 
0.478741 3.40383 
0.999908 1.26189 
1.10031 -0.356023 
0.823626 -2.13565 
0.0597169 -4.63487 
-1.15264 -5.68286 
-2.33979 -4.21394 
-2.96939 -1.15823 
-2.85986 2.1029 
-2.03311 4.89741 
-0.772471 5.61134 
0.415513 4.64726 
1.19532 2.34584 
1.57984 1.13858 
1.76536 0.543361 
1.85158 0.237617 
1.884 0.0557959 
1.87942 -0.0972408 
1.83548 -0.300524 
1.72932 -0.661296 
1.71218 0.505961 
1.78893 0.189571 
1.80695 -0.0263501 
1.81486 0.0980029 
1.85591 0.273701 
1.89456 0.0761706 
1.89389 -0.0821954 
1.8326 -0.472704 
1.65775 -1.11172 
1.53052 -0.0420605 
1.52541 -0.00426263 
1.52839 0.031228 
1.53475 0.026421 
1.53785 0.00170815 
