R2
-1.5708 0 
-1.51744 0.4437 
-1.38385 0.667684 
-1.23572 0.56621 
-1.1442 0.197465 
-1.1761 -0.463827 
-1.3408 -0.909085 
-1.55994 -0.91408 
-1.72592 -0.46646 
-1.7566 0.211104 
-1.63689 0.784898 
-1.42589 0.969966 
-1.22785 0.679387 
-1.19182 -0.378834 
-1.38827 -1.25813 
-1.7226 -1.52258 
-2.03058 -1.04466 
-2.14811 0.0610625 
-2.00453 1.14018 
-1.66422 1.69503 
-1.28983 1.41967 
-1.06417 0.464116 
-1.09243 -0.700498 
-1.36182 -1.54641 
-1.74524 -1.64274 
-2.00509 -0.523409 
-1.96721 0.839713 
-1.64934 1.80786 
-1.20502 1.88985 
-0.848295 1.09747 
-0.733197 -0.12712 
-0.903292 -1.30562 
-1.37578 -2.64239 
-2.01946 -2.71513 
-2.53045 -1.58349 
-2.71003 0.0545446 
-2.50636 1.67863 
-1.97909 2.75283 
-1.33715 2.5891 
-0.884849 1.19243 
-0.754825 -0.0972313 
-0.926851 -1.35081 
-1.36249 -2.28846 
-1.89353 -2.12961 
-2.26396 -0.97032 
-2.30972 0.58534 
-2.01233 1.9082 
-1.49936 2.36263 
-0.945026 2.26179 
-0.530535 1.23888 
-0.401416 -0.137297 
-0.731381 -2.66839 
-1.55507 -4.21731 
-2.51465 -3.80993 
-3.09465 -1.16818 
-3.04552 1.59469 
-2.37291 4.1558 
-1.2492 5.21605 
-0.137656 4.19309 
0.615455 2.42715 
1.03035 1.29513 
1.25537 0.738099 
1.39832 0.556698 
1.49402 0.31087 
1.53415 0.052985 
1.52055 -0.176232 
1.50206 0.00852517 
1.42178 -0.736374 
1.13381 -1.87071 
0.619324 -2.75107 
-0.190731 -4.36196 
-1.34746 -5.40623 
-2.48697 -4.11164 
-3.13622 -1.46267 
-3.13435 1.47892 
-2.46219 4.28943 
-1.27119 5.65255 
-0.0560372 4.64573 
0.759511 2.55638 
1.18535 1.27865 
1.39507 0.620228 
1.49548 0.290001 
1.54027 0.116173 
1.55366 0.0052329 
