R2
-1.5708 0 
-1.31921 2.09297 
-0.68453 3.22378 
0.0878048 3.40732 
0.894793 3.74928 
1.50356 1.75582 
1.77296 0.686729 
1.84702 -0.015967 
1.76499 -0.727057 
1.48336 -1.82649 
0.85174 -3.88249 
0.000947189 -3.64447 
-0.825039 -3.41462 
-1.4768 -2.02814 
-1.75797 -0.310565 
-1.60773 1.56056 
-1.1002 2.66545 
-0.47159 2.63421 
0.025298 1.64747 
0.285561 0.631915 
0.322283 -0.308329 
0.140202 -1.29138 
-0.241945 -2.02557 
-0.770847 -2.47831 
-1.3153 -2.07871 
-1.6505 -0.709604 
-1.61428 1.01091 
-1.22454 2.2322 
-0.667269 2.44353 
-0.159453 1.89691 
0.0453821 -0.118336 
-0.213774 -2.12926 
-0.911118 -3.80019 
-1.84581 -3.98739 
-2.60095 -2.35849 
-2.87831 -0.0151366 
-2.55854 2.74993 
-1.8457 3.23445 
-0.972966 4.03361 
-0.115358 3.26174 
0.508434 2.21059 
0.94202 1.6675 
1.32955 1.83288 
1.53121 -0.00475569 
