R2
-1.3 -1.3 
-1.21797 -1.28488 
-1.13595 -1.26977 
-1.05392 -1.25465 
-0.971891 -1.23953 
-0.889864 -1.22441 
-0.807837 -1.2093 
-0.72581 -1.19418 
-0.643783 -1.17906 
-0.561756 -1.16394 
-0.479729 -1.14883 
-0.397702 -1.13371 
-0.315674 -1.11859 
-0.233647 -1.10347 
-0.15162 -1.08836 
-0.069593 -1.07324 
0.0124341 -1.05812 
0.0944612 -1.043 
0.176488 -1.02789 
0.258516 -1.01277 
0.340543 -0.997651 
0.42257 -0.982533 
0.504597 -0.967416 
0.585273 -0.90805 
0.665949 -0.848684 
0.679155 -0.767821 
0.69236 -0.686959 
0.705565 -0.606097 
0.718771 -0.525234 
0.731976 -0.444372 
0.745181 -0.36351 
0.758387 -0.282647 
0.771592 -0.201785 
0.784798 -0.120923 
0.798003 -0.0400604 
0.811208 0.0408019 
0.824414 0.121664 
0.837619 0.202527 
0.850824 0.283389 
0.86403 0.364251 
0.877235 0.445114 
0.890441 0.525976 
0.903646 0.606838 
0.916851 0.6877 
0.930057 0.768563 
0.943262 0.849425 
0.956467 0.930287 
1.03764 1.02019 
1.11882 1.1101 
1.2 1.2 

