SE2
-1.3 -1.3 0 
-1.29684 -1.25598 9.07385e-05 
-1.29368 -1.21196 0.000181477 
-1.29052 -1.16794 0.000272215 
-1.28736 -1.12393 0.000362954 
-1.2842 -1.07991 0.000453692 
-1.28105 -1.03589 0.000544431 
-1.27789 -0.991871 0.000635169 
-1.27473 -0.947852 0.000725908 
-1.27157 -0.903834 0.000816646 
-1.26841 -0.859816 0.000907385 
-1.26525 -0.815797 0.000998123 
-1.26209 -0.771779 0.00108886 
-1.25893 -0.72776 0.0011796 
-1.25577 -0.683742 0.00127034 
-1.25261 -0.639723 0.00136108 
-1.24945 -0.595705 0.00145182 
-1.24629 -0.551686 0.00154255 
-1.24314 -0.507668 0.00163329 
-1.23998 -0.46365 0.00172403 
-1.23682 -0.419631 0.00181477 
-1.23366 -0.375613 0.00190551 
-1.2305 -0.331594 0.00199625 
-1.22734 -0.287576 0.00208698 
-1.22418 -0.243557 0.00217772 
-1.22102 -0.199539 0.00226846 
-1.21786 -0.15552 0.0023592 
-1.2147 -0.111502 0.00244994 
-1.21154 -0.0674835 0.00254068 
-1.20839 -0.023465 0.00263142 
-1.20523 0.0205534 0.00272215 
-1.20207 0.0645719 0.00281289 
-1.19891 0.10859 0.00290363 
-1.19575 0.152609 0.00299437 
-1.19259 0.196627 0.00308511 
-1.18943 0.240646 0.00317585 
-1.18627 0.284664 0.00326658 
-1.18311 0.328683 0.00335732 
-1.17995 0.372701 0.00344806 
-1.17679 0.416719 0.0035388 
-1.17364 0.460738 0.00362954 
-1.17048 0.504756 0.00372028 
-1.16732 0.548775 0.00381102 
-1.16416 0.592793 0.00390175 
-1.161 0.636812 0.00399249 
-1.15784 0.68083 0.00408323 
-1.15468 0.724849 0.00417397 
-1.15152 0.768867 0.00426471 
-1.14836 0.812885 0.00435545 
-1.1452 0.856904 0.00444618 
